796 2823
1 102
1 116
1 273
1 337
1 338
1 355
1 382
1 423
1 511
1 727
1 730
1 743
2 111
2 601
2 672
2 752
3 149
3 190
3 291
3 502
3 593
3 668
3 718
3 727
3 746
4 149
4 198
4 219
4 281
4 293
4 359
4 401
4 589
4 594
4 614
4 727
4 730
4 747
4 786
4 793
5 7
6 337
7 22
7 23
7 89
7 120
7 131
7 140
7 150
7 158
7 164
7 175
7 191
7 247
7 260
7 305
7 339
7 346
7 364
7 434
7 440
7 527
7 556
7 603
7 632
7 668
7 783
8 49
8 312
8 697
8 782
9 51
9 56
9 61
9 152
9 187
9 205
9 211
9 252
9 255
9 262
9 464
9 494
9 627
9 697
9 745
11 603
10 47
10 65
10 91
10 96
10 116
10 163
10 190
10 195
10 243
10 337
10 355
10 358
10 528
10 589
10 603
10 624
10 727
10 730
10 747
12 229
12 236
12 274
12 574
13 65
13 71
13 146
13 149
13 184
13 263
13 352
13 367
13 563
13 571
14 97
14 116
14 156
14 727
15 280
15 364
15 576
16 92
16 297
16 356
16 475
17 429
17 443
18 54
18 139
18 161
18 393
18 585
18 641
18 668
21 199
21 443
21 462
21 521
21 634
19 339
19 727
20 161
20 455
20 668
22 40
22 406
22 454
22 480
22 532
22 617
22 632
23 89
23 260
23 280
23 339
23 346
23 355
23 364
23 440
23 556
23 560
23 576
23 632
23 668
23 727
24 190
24 294
24 369
24 603
24 708
26 202
26 358
27 364
27 465
27 654
25 51
25 374
25 668
28 49
28 289
29 337
29 394
29 423
30 49
30 116
30 122
30 186
30 238
30 259
30 317
30 328
30 337
30 355
30 473
30 511
30 543
30 569
30 618
30 633
30 701
30 730
30 741
30 791
31 511
31 565
32 161
32 193
32 240
33 39
33 228
33 500
33 680
33 726
34 49
34 79
34 258
34 294
34 324
34 400
34 633
34 648
34 711
35 73
35 248
35 292
35 311
35 539
35 681
35 790
36 128
36 245
36 565
36 692
37 481
38 39
38 50
38 62
38 107
38 179
38 200
38 500
38 510
38 511
39 50
39 62
39 113
39 179
39 200
39 220
39 228
39 241
39 466
39 488
39 500
39 510
39 511
39 565
39 595
39 680
39 704
39 726
40 406
40 454
40 480
40 532
40 617
41 46
41 51
41 490
41 597
41 668
42 633
43 207
43 286
43 636
44 364
45 71
45 149
45 327
45 351
45 367
45 388
45 470
45 589
47 243
47 407
47 589
47 659
48 575
49 70
49 77
49 79
49 82
49 92
49 93
49 99
49 102
49 111
49 116
49 122
49 158
49 162
49 166
49 173
49 186
49 190
49 201
49 238
49 258
49 259
49 289
49 291
49 294
49 317
49 328
49 337
49 340
49 349
49 355
49 364
49 369
49 385
49 387
49 400
49 410
49 431
49 440
49 465
49 467
49 473
49 485
49 496
49 500
49 502
49 533
49 539
49 543
49 548
49 569
49 574
49 578
49 599
49 601
49 603
49 608
49 618
49 620
49 633
49 634
49 684
49 687
49 693
49 697
49 700
49 701
49 711
49 708
49 710
49 727
49 730
49 733
49 741
49 744
49 750
49 760
49 762
49 776
49 791
49 792
50 116
50 179
50 228
50 241
50 355
50 500
50 634
51 61
51 124
51 152
51 211
51 225
51 250
51 265
51 275
51 374
51 557
51 583
51 603
51 609
51 612
51 668
51 678
51 697
51 715
51 721
51 725
51 745
51 765
52 198
53 116
53 273
53 296
53 412
53 443
53 517
53 536
53 668
53 710
54 161
54 364
54 393
54 465
54 545
54 630
54 641
54 649
54 668
55 668
58 789
56 61
56 211
56 745
57 116
57 634
57 727
59 221
59 542
59 727
60 97
60 116
60 214
61 111
61 152
61 190
61 211
61 601
61 603
61 668
61 697
61 730
61 745
62 88
62 179
62 241
62 259
62 337
62 355
62 412
62 441
62 473
62 500
62 520
62 585
62 633
62 727
63 188
63 632
64 349
64 574
64 611
64 618
64 668
64 697
65 71
65 78
65 85
65 88
65 116
65 146
65 149
65 190
65 224
65 243
65 245
65 257
65 263
65 267
65 304
65 337
65 352
65 355
65 358
65 367
65 384
65 397
65 473
65 478
65 539
65 553
65 565
65 585
65 587
65 589
65 603
65 633
65 634
65 656
65 669
65 727
65 743
65 767
65 784
66 149
67 161
68 141
68 188
68 191
68 260
68 632
69 251
69 304
69 330
69 664
71 78
71 149
71 304
71 327
71 351
71 352
71 367
71 529
71 565
71 656
72 574
72 697
78 146
78 149
78 304
78 377
78 537
78 724
78 727
73 248
73 311
73 539
73 681
74 149
74 281
74 483
74 727
75 504
75 641
76 298
76 402
76 675
76 697
77 92
77 116
77 342
77 346
77 364
77 420
77 440
77 601
77 603
77 697
77 727
77 759
77 791
79 111
79 190
79 238
79 259
79 294
79 333
79 337
79 355
79 400
79 412
79 446
79 603
79 633
79 634
79 700
79 711
80 92
80 608
80 697
81 364
81 789
82 96
82 340
82 620
82 791
83 219
84 346
85 149
85 304
85 692
86 116
86 392
86 443
86 568
86 688
87 337
88 116
88 273
88 337
88 355
88 412
88 473
88 520
88 521
88 634
88 689
88 710
88 727
89 115
89 140
89 164
89 175
89 191
89 305
89 339
89 346
89 364
89 440
89 524
89 632
89 636
89 668
89 716
89 766
92 101
92 111
92 116
92 118
92 129
92 133
92 176
92 190
92 282
92 283
92 297
92 307
92 318
92 322
92 346
92 355
92 356
92 358
92 364
92 365
92 369
92 370
92 398
92 420
92 461
92 475
92 502
92 519
92 539
92 547
92 574
92 584
92 585
92 597
92 598
92 599
92 601
92 603
92 608
92 632
92 634
92 667
92 673
92 697
92 710
92 727
92 753
92 754
92 782
92 791
90 364
90 714
91 190
91 422
91 539
91 598
91 599
91 601
91 603
93 99
93 687
94 634
94 645
95 111
96 111
96 116
96 123
96 127
96 142
96 169
96 178
96 192
96 196
96 201
96 204
96 238
96 325
96 326
96 337
96 348
96 355
96 412
96 427
96 468
96 503
96 542
96 554
96 568
96 575
96 585
96 600
96 601
96 603
96 618
96 633
96 634
96 640
96 647
96 668
96 702
96 710
96 727
96 730
96 741
96 749
96 757
96 774
97 111
97 116
97 121
97 214
97 259
97 331
97 355
97 409
97 441
97 445
97 511
97 542
97 608
97 645
97 646
97 668
97 703
97 710
97 727
97 730
97 740
97 743
97 773
98 438
98 504
98 641
100 139
100 197
100 271
100 585
100 668
101 461
102 111
102 160
102 192
102 194
102 206
102 314
102 337
102 423
102 427
102 505
102 597
102 601
102 629
102 697
102 727
102 730
102 752
103 739
104 514
104 634
105 141
106 245
106 418
106 469
106 565
106 692
107 179
107 259
107 510
108 664
109 697
110 697
111 116
111 127
111 134
111 135
111 147
111 167
111 177
111 190
111 192
111 201
111 208
111 283
111 314
111 325
111 337
111 345
111 350
111 355
111 358
111 364
111 365
111 412
111 415
111 420
111 427
111 432
111 443
111 445
111 450
111 456
111 457
111 486
111 495
111 497
111 505
111 539
111 575
111 581
111 585
111 597
111 599
111 600
111 601
111 602
111 603
111 607
111 608
111 618
111 623
111 629
111 634
111 667
111 668
111 672
111 690
111 697
111 727
111 729
111 730
111 737
111 740
111 743
111 749
111 752
111 763
111 773
112 190
112 585
112 708
113 228
114 542
115 131
115 364
115 524
116 122
116 127
116 149
116 179
116 180
116 186
116 190
116 198
116 200
116 214
116 230
116 234
116 259
116 273
116 296
116 302
116 303
116 328
116 331
116 337
116 338
116 339
116 354
116 355
116 358
116 364
116 369
116 382
116 394
116 412
116 427
116 429
116 433
116 435
116 441
116 443
116 447
116 463
116 473
116 479
116 482
116 485
116 500
116 511
116 514
116 517
116 518
116 520
116 521
116 539
116 543
116 550
116 553
116 568
116 569
116 582
116 585
116 589
116 601
116 603
116 604
116 633
116 634
116 639
116 642
116 645
116 668
116 685
116 688
116 689
116 701
116 710
116 727
116 730
116 734
116 743
116 744
116 748
116 752
116 770
117 727
118 475
119 645
119 727
119 743
120 346
120 364
120 396
120 560
120 632
120 658
121 727
121 773
122 186
122 259
122 328
122 355
122 473
122 543
122 569
122 633
122 701
122 762
124 250
124 668
125 337
125 376
126 149
126 246
126 565
127 190
127 337
127 601
127 727
128 149
128 245
128 378
128 565
129 176
129 608
130 141
130 632
131 305
131 364
131 491
131 632
131 668
132 149
132 184
132 276
132 561
133 247
133 307
133 461
134 261
134 430
134 539
134 602
134 740
135 585
136 137
136 646
136 727
138 668
139 161
139 585
139 668
139 727
139 743
140 164
140 191
140 364
140 524
140 556
140 632
140 641
140 668
141 172
141 188
141 191
141 247
141 260
141 346
141 356
141 364
141 440
141 632
141 699
141 716
142 326
142 644
143 161
143 465
143 531
143 555
143 585
143 603
143 641
143 649
143 668
144 265
144 275
145 238
145 390
145 691
146 149
146 184
146 263
146 267
146 299
146 304
146 330
146 351
146 352
146 367
146 478
146 549
146 565
146 571
146 631
146 656
147 432
147 601
148 179
148 511
149 150
149 179
149 181
149 184
149 190
149 209
149 213
149 224
149 245
149 246
149 263
149 267
149 276
149 299
149 304
149 327
149 330
149 351
149 352
149 359
149 367
149 388
149 425
149 428
149 429
149 451
149 469
149 470
149 474
149 476
149 477
149 478
149 483
149 529
149 537
149 544
149 552
149 558
149 559
149 561
149 562
149 563
149 565
149 571
149 587
149 589
149 590
149 603
149 656
149 664
149 683
149 692
149 727
149 743
149 745
149 747
149 784
149 794
151 649
152 608
152 697
153 189
153 364
153 560
154 247
154 364
154 440
154 465
154 668
154 738
155 268
155 574
155 657
155 662
155 697
157 312
157 341
157 752
158 247
158 364
158 395
158 632
159 190
159 717
160 206
160 337
161 168
161 190
161 193
161 232
161 249
161 269
161 329
161 355
161 383
161 393
161 404
161 448
161 459
161 465
161 481
161 545
161 555
161 585
161 601
161 605
161 630
161 641
161 649
161 668
161 679
161 782
162 693
164 191
164 339
164 364
164 524
164 556
164 632
165 469
166 190
167 192
167 601
167 737
168 364
168 465
168 555
168 585
168 668
169 212
169 337
169 542
169 585
170 364
170 636
171 320
171 692
172 632
174 646
175 346
175 364
175 436
175 440
175 560
175 668
176 402
176 420
176 490
176 574
176 608
178 355
178 416
178 482
178 539
178 634
178 668
178 727
178 770
179 200
179 259
179 500
179 509
179 510
179 511
179 565
179 603
179 726
179 727
179 730
179 743
179 747
180 354
180 443
180 521
180 568
180 685
181 184
181 330
181 351
181 367
181 747
182 476
183 665
183 697
184 276
184 327
184 330
184 351
184 352
184 357
184 367
184 477
184 512
184 544
184 561
184 563
184 571
184 591
184 603
184 747
185 716
186 259
186 328
186 355
186 473
186 543
186 569
186 633
186 701
186 762
187 609
187 745
188 191
188 260
188 346
188 364
188 632
189 364
189 560
189 674
190 192
190 225
190 238
190 243
190 259
190 294
190 301
190 318
190 328
190 334
190 337
190 339
190 355
190 358
190 364
190 369
190 372
190 412
190 420
190 422
190 427
190 449
190 450
190 485
190 496
190 539
190 546
190 553
190 574
190 579
190 585
190 589
190 597
190 599
190 601
190 603
190 608
190 618
190 633
190 634
190 668
190 684
190 697
190 706
190 708
190 717
190 718
190 720
190 727
190 730
190 742
190 743
190 744
190 769
190 779
190 781
190 782
191 203
191 247
191 260
191 305
191 339
191 346
191 364
191 491
191 524
191 556
191 632
191 636
191 758
192 201
192 206
192 218
192 314
192 328
192 337
192 376
192 415
192 427
192 450
192 539
192 601
192 623
192 629
192 690
192 710
192 729
192 730
192 752
193 555
193 603
193 649
193 668
194 337
194 629
194 755
196 468
196 503
197 671
198 259
198 337
198 511
198 589
198 727
198 730
199 443
199 462
199 634
199 688
200 511
200 727
201 337
201 601
201 618
201 730
201 752
203 286
203 309
203 339
203 364
204 585
204 600
206 218
206 239
206 337
206 629
206 730
207 286
207 636
208 427
208 740
210 264
210 364
210 676
211 316
211 323
211 507
211 564
211 583
211 609
211 637
211 697
211 745
214 568
215 697
216 363
216 634
217 512
219 359
222 308
222 697
223 364
223 491
224 257
224 304
224 587
224 656
225 337
225 365
225 597
225 601
225 605
225 618
226 727
227 346
227 759
227 768
228 241
228 500
228 509
228 680
228 726
229 493
230 355
230 405
230 412
230 634
230 727
230 770
231 337
232 679
233 278
233 333
233 364
235 350
235 679
237 254
237 364
238 258
238 294
238 317
238 340
238 400
238 410
238 472
238 603
238 633
238 700
238 711
238 774
238 776
238 791
239 337
239 730
241 500
242 694
243 337
243 407
243 523
243 603
244 364
244 580
245 304
245 469
245 565
245 692
247 356
247 364
247 386
247 440
247 461
247 465
247 632
247 658
248 311
248 427
248 681
250 364
250 374
250 440
250 465
250 668
251 304
251 384
251 664
253 756
254 364
255 745
256 470
257 559
258 294
258 400
258 700
258 711
259 298
259 328
259 337
259 355
259 412
259 450
259 473
259 511
259 539
259 543
259 553
259 568
259 569
259 601
259 603
259 633
259 634
259 701
259 727
259 730
259 762
260 280
260 346
260 364
260 379
260 527
260 556
260 632
260 658
260 707
261 430
261 602
261 634
263 304
263 330
263 367
263 656
264 343
264 364
265 275
265 414
266 539
267 299
267 352
267 656
268 662
268 697
269 465
270 727
271 585
272 602
272 694
273 296
273 331
273 338
273 355
273 409
273 429
273 443
273 517
273 553
273 568
273 634
273 689
273 710
273 727
274 765
275 414
275 557
275 721
276 477
276 561
276 571
277 739
278 333
278 364
279 364
280 364
280 556
280 576
280 632
280 707
281 327
281 359
281 401
281 544
281 558
281 614
281 727
281 786
281 793
283 420
283 601
283 697
283 763
284 355
284 727
285 608
286 309
286 364
286 379
286 399
286 491
286 621
286 636
286 663
287 414
288 343
288 364
288 440
288 577
288 676
288 716
288 739
288 761
290 745
291 502
292 602
292 790
293 359
293 498
294 322
294 369
294 400
294 633
295 697
296 337
296 517
296 553
296 668
296 685
296 710
298 575
298 605
299 352
300 369
300 779
301 355
301 727
302 355
302 553
302 727
303 382
303 433
303 443
303 521
303 685
303 710
303 734
304 330
304 351
304 384
304 444
304 478
304 559
304 565
304 587
304 656
304 664
304 669
305 339
305 364
305 465
305 491
305 524
305 527
305 632
306 310
307 356
307 420
307 461
307 502
307 519
307 599
307 601
307 608
307 782
308 349
308 625
308 697
309 364
310 355
311 790
312 341
312 782
313 337
314 337
314 415
314 427
314 601
314 603
314 690
314 749
317 400
317 410
317 460
317 648
317 711
317 760
317 776
317 791
315 365
315 490
315 574
315 782
316 609
316 653
316 745
319 358
321 337
322 369
322 420
322 601
322 608
323 745
324 400
325 468
325 542
325 575
325 633
325 634
327 330
327 359
327 367
327 603
327 614
327 727
327 747
328 337
328 349
328 355
328 412
328 423
328 473
328 543
328 569
328 603
328 633
328 634
328 701
328 727
328 743
330 351
330 352
330 367
330 478
330 571
330 656
330 747
331 339
331 355
331 394
331 710
331 727
331 743
332 400
333 364
333 700
335 433
336 342
337 355
337 358
337 364
337 361
337 369
337 371
337 373
337 376
337 382
337 394
337 400
337 408
337 412
337 423
337 427
337 429
337 441
337 443
337 446
337 463
337 473
337 511
337 514
337 520
337 539
337 541
337 553
337 568
337 569
337 585
337 586
337 589
337 597
337 601
337 603
337 607
337 608
337 616
337 618
337 620
337 629
337 633
337 634
337 644
337 647
337 650
337 667
337 668
337 679
337 685
337 697
337 700
337 710
337 727
337 728
337 729
337 730
337 735
337 741
337 743
337 752
337 755
337 757
337 779
337 780
337 796
338 392
338 688
339 355
339 364
339 440
339 524
339 539
339 553
339 603
339 632
339 634
339 668
339 727
339 743
340 620
340 762
340 791
341 588
342 346
342 364
342 699
343 364
343 440
343 577
343 676
343 738
343 789
344 346
344 364
344 699
345 697
345 729
346 364
346 367
346 396
346 440
346 524
346 526
346 560
346 603
346 632
346 658
346 699
346 727
346 791
347 463
349 412
349 485
349 574
349 603
349 618
349 625
349 634
349 666
349 697
350 415
350 601
350 752
351 367
351 478
351 571
351 656
352 367
352 477
352 571
353 730
354 520
354 568
354 685
355 364
355 382
355 394
355 412
355 429
355 440
355 441
355 443
355 465
355 473
355 485
355 496
355 500
355 511
355 514
355 520
355 536
355 539
355 543
355 553
355 568
355 569
355 585
355 601
355 603
355 608
355 633
355 634
355 641
355 645
355 649
355 668
355 701
355 710
355 727
355 730
355 743
355 791
356 420
356 461
356 519
356 599
356 632
357 512
358 427
358 539
358 553
358 602
358 603
358 668
358 727
358 743
359 401
359 498
359 508
359 589
359 603
359 614
359 727
359 730
359 743
359 786
360 457
364 369
364 379
364 396
364 399
364 420
364 436
364 438
364 440
364 458
364 465
364 485
364 491
364 502
364 504
364 516
364 524
364 525
364 526
364 527
364 535
364 556
364 560
364 576
364 577
364 599
364 601
364 603
364 608
364 621
364 628
364 632
364 634
364 636
364 641
364 649
364 654
364 661
364 663
364 668
364 674
364 676
364 697
364 699
364 707
364 709
364 713
364 716
364 725
364 727
364 732
364 738
364 739
364 761
364 766
364 778
364 789
364 791
364 795
365 366
365 432
365 597
365 601
365 606
365 618
365 697
365 730
365 752
365 763
366 601
361 729
362 407
362 523
367 470
367 477
367 478
367 506
367 537
367 544
367 561
367 571
367 589
367 603
367 727
367 747
368 440
368 465
369 485
369 539
369 601
369 603
369 608
369 634
369 668
369 697
369 708
369 744
369 779
370 420
371 541
374 596
374 668
375 489
375 727
376 450
377 724
377 727
378 565
379 527
379 556
379 636
379 663
380 634
381 745
382 394
382 429
382 553
382 575
382 616
382 634
382 668
382 710
382 727
382 730
382 743
382 771
383 630
383 668
384 664
384 669
385 750
386 632
387 791
389 727
391 697
392 688
393 545
394 482
394 520
394 603
394 634
394 727
394 743
396 632
396 658
396 660
398 461
399 713
399 716
399 778
400 633
400 648
400 690
400 700
400 711
401 614
401 727
401 786
401 793
403 727
406 532
406 617
406 632
402 608
404 782
407 523
409 645
409 682
409 689
409 727
409 743
410 760
410 776
410 791
411 745
412 429
412 443
412 514
412 520
412 539
412 585
412 603
412 608
412 633
412 634
412 668
412 710
412 727
412 770
413 585
414 665
414 678
414 697
414 736
414 765
415 450
415 471
415 601
415 618
415 623
415 752
415 755
416 495
416 539
416 602
416 634
417 583
417 719
419 657
420 461
420 502
420 519
420 597
420 599
420 601
420 608
420 697
420 710
420 727
420 754
421 668
422 589
422 603
422 634
424 426
424 427
424 539
424 602
426 539
427 445
427 457
427 505
427 539
427 602
427 603
427 634
427 668
427 690
427 727
427 730
427 740
429 443
429 457
429 511
429 514
429 536
429 553
429 575
429 585
429 604
429 634
429 668
429 710
429 727
429 730
429 770
430 495
430 602
430 634
432 597
432 601
433 634
433 710
433 743
435 463
437 508
438 504
438 641
439 699
440 465
440 556
440 560
440 574
440 577
440 625
440 632
440 666
440 668
440 676
440 697
440 699
440 716
440 738
440 739
440 789
441 633
441 634
441 727
441 743
442 595
443 462
443 514
443 517
443 520
443 521
443 568
443 585
443 603
443 634
443 642
443 685
443 688
443 710
443 727
443 743
443 770
445 539
445 602
445 608
445 634
445 727
445 773
448 668
450 601
450 730
451 683
452 730
452 771
453 601
454 632
455 668
457 536
457 575
457 585
457 668
461 519
461 599
461 632
462 634
464 745
465 577
465 585
465 630
465 632
465 641
465 654
465 668
465 789
466 488
468 503
468 542
469 565
469 692
471 539
473 520
473 543
473 569
473 603
473 633
473 634
473 684
473 701
473 727
474 559
475 519
475 697
476 559
477 561
478 565
478 656
479 639
479 734
480 532
480 617
481 668
482 520
483 610
483 727
483 745
484 727
485 500
485 539
485 603
485 634
487 727
489 727
490 668
491 527
491 636
491 663
492 716
494 697
495 499
495 602
496 633
496 634
499 602
499 634
500 601
500 602
500 603
500 633
500 634
500 668
500 680
500 710
500 723
500 727
501 757
502 601
504 535
504 641
505 539
505 602
505 634
505 790
506 537
506 727
506 788
507 573
507 609
507 745
509 510
509 726
510 726
511 634
511 726
511 727
511 730
511 747
513 565
514 634
514 727
515 601
515 629
516 789
517 539
517 553
517 668
517 685
517 710
518 520
518 521
519 599
519 601
519 697
520 521
520 553
520 568
520 634
520 710
520 727
521 668
521 685
521 710
522 539
522 634
524 556
524 761
526 632
526 699
527 556
527 603
527 636
527 663
530 574
530 697
531 641
531 649
531 668
532 567
532 622
532 756
534 710
535 641
535 778
536 632
536 727
537 677
537 727
537 788
538 601
538 763
539 542
539 553
539 585
539 601
539 602
539 603
539 608
539 618
539 633
539 634
539 668
539 681
539 708
539 727
539 730
539 743
539 790
540 629
540 752
541 568
541 727
542 634
542 727
542 730
543 569
543 633
543 634
543 701
543 762
549 631
550 727
551 553
551 651
552 784
553 568
553 585
553 603
553 634
553 646
553 668
553 727
553 730
553 743
553 752
554 647
554 702
554 741
555 649
555 668
556 576
556 632
556 636
556 707
557 721
558 727
560 570
560 577
560 632
560 674
560 699
560 789
561 563
563 571
564 745
565 692
565 723
566 632
566 785
568 604
568 618
568 668
568 757
569 633
569 701
572 745
573 745
574 584
574 601
574 608
574 618
574 657
574 662
574 668
574 697
574 754
574 782
574 787
575 585
575 604
575 605
575 632
575 668
576 632
577 628
577 676
577 716
577 761
577 789
579 603
581 601
581 613
582 712
585 601
585 603
585 633
585 634
585 668
585 670
585 727
585 730
585 743
586 626
587 656
588 782
589 592
589 603
589 634
589 730
589 747
592 747
593 746
596 668
597 601
597 618
599 601
599 608
599 634
599 697
599 727
599 754
601 603
601 606
601 608
601 613
601 615
601 618
601 623
601 629
601 632
601 634
601 667
601 668
601 672
601 673
601 679
601 697
601 717
601 722
601 727
601 730
601 737
601 743
601 752
601 755
601 763
601 771
601 782
601 791
602 634
602 694
602 727
602 790
603 633
603 634
603 668
603 685
603 700
603 710
603 727
603 730
603 738
603 743
603 744
603 747
603 769
605 620
605 668
605 741
606 763
608 618
608 697
608 727
608 754
608 773
608 782
609 653
609 745
610 745
611 697
614 727
614 786
614 793
618 629
618 668
618 697
618 727
618 730
618 741
618 751
618 752
618 757
618 782
619 668
620 647
620 741
620 791
620 796
623 752
625 666
625 697
628 716
628 789
629 672
629 755
630 668
632 658
632 668
632 695
632 785
633 634
633 700
633 701
633 702
633 710
633 727
634 645
634 668
634 689
634 708
634 710
634 727
634 728
634 730
634 743
634 770
634 790
635 726
636 641
636 663
638 727
638 788
639 734
641 649
641 668
641 738
641 778
643 763
645 668
645 682
645 689
645 727
645 728
645 743
646 703
646 727
646 731
647 702
647 796
648 711
649 668
649 710
649 738
652 727
654 668
655 659
657 662
657 697
662 697
662 787
665 697
666 697
668 670
668 696
668 697
668 710
668 725
668 727
668 730
668 738
668 743
668 772
668 782
672 752
674 789
675 697
675 764
676 716
676 789
677 727
677 788
679 782
680 726
682 727
681 790
684 791
685 710
685 727
686 745
689 727
690 711
696 782
697 727
697 730
697 736
697 745
697 751
697 752
697 753
697 754
697 764
697 765
697 775
697 782
697 787
698 739
703 727
703 743
705 771
710 727
710 730
713 716
716 738
716 761
716 789
724 727
727 728
727 730
727 740
727 743
727 747
727 748
727 770
727 773
727 786
727 788
727 791
727 793
730 741
730 743
730 752
730 762
730 780
741 796
745 777
753 754
754 765
759 768
760 762
776 791
786 793
