0.013 0.013 1.69
0.023 0.023 1.455
0.003 0.003 1.492
0.011 0.011 1.68
0.011 0.011 1.515
0.012 0.012 1.479
0.008 0.008 1.467
0.018 0.018 1.346
0.009 0.009 1.536
0.01 0.01 1.364
0.01 0.01 1.545
0.011 0.011 1.58
0.013 0.013 1.427
0.011 0.011 1.586
0.016 0.016 1.537
0.009 0.009 1.358
0.01 0.01 1.537
0.01 0.01 1.329
0.01 0.01 1.635
0.012 0.012 1.385
0.013 0.013 1.582
0.01 0.01 1.518
0.032 0.032 1.517
0.009 0.009 1.413
0.013 0.013 1.537
0.013 0.013 1.321
0.003 0.003 1.664
0.008 0.008 1.475
0.011 0.011 1.439
0.022 0.022 1.589
0.026 0.026 1.421
0.008 0.008 1.468
0.01 0.01 1.607
0.008 0.008 1.415
0.006 0.006 1.864
0.01 0.01 1.503
0.012 0.012 1.54
0.018 0.018 1.693
0.048 0.048 1.408
0.013 0.013 1.37
0.019 0.019 1.606
0.01 0.01 1.464
0.009 0.009 1.525
0.01 0.01 1.47
0.026 0.026 1.375
0.013 0.013 1.62
0.011 0.011 1.389
0.01 0.01 1.549
0.007 0.007 1.498
0.012 0.012 1.466
0.044 0.044 1.381
0.009 0.009 1.528
0.013 0.013 1.377
0.013 0.013 1.564
0.012 0.012 1.384
0.036 0.036 1.478
0.011 0.011 1.707
0.011 0.011 1.474
0.008 0.008 1.59
0.008 0.008 1.638
0.018 0.018 1.474
0.007 0.007 1.413
0.01 0.01 1.538
0.009 0.009 1.403
0.011 0.011 1.402
0.009 0.009 1.59
0.018 0.018 1.42
0.011 0.011 1.529
0.031 0.031 1.387
0.009 0.009 1.408
0.012 0.012 1.479
0.013 0.013 1.442
0.008 0.008 1.583
0.016 0.016 1.471
0.017 0.017 1.551
0.01 0.01 1.5
0.017 0.017 1.668
0.007 0.007 1.444
0.009 0.009 1.664
0.011 0.011 1.308
0.009 0.009 1.385
0.01 0.01 1.46
0.008 0.008 1.409
0.035 0.035 1.444
0.008 0.008 1.398
0.015 0.015 1.639
0.058 0.058 1.425
0.01 0.01 1.484
0.012 0.012 1.656
0.01 0.01 1.46
0.014 0.014 1.471
0.011 0.011 1.634
0.005 0.005 1.375
0.036 0.036 1.412
0.015 0.015 1.602
0.021 0.021 1.422
0.009 0.009 1.402
0.009 0.009 1.569
0.006 0.006 1.436
0.013 0.013 1.377
0.01 0.01 1.457
0.073 0.073 1.431
0.011 0.011 1.589
0.015 0.015 1.435
0.012 0.012 1.526
0.005 0.005 1.536
0.01 0.01 1.428
0.014 0.014 1.562
0.017 0.017 1.458
0.008 0.008 1.488
0.014 0.014 1.603
0.008 0.008 1.525
0.014 0.014 1.487
0.01 0.01 1.439
0.018 0.018 1.373
0.008 0.008 1.672
0.007 0.007 1.363
0.007 0.007 1.516
0.009 0.009 1.621
0.012 0.012 1.47
0.01 0.01 1.469
0.016 0.016 1.418
0.006 0.006 1.42
0.013 0.013 1.484
0.011 0.011 1.462
0.009 0.009 1.33
0.013 0.013 1.681
0.016 0.016 1.445
0.03 0.03 1.489
0.008 0.008 1.594
0.01 0.01 1.391
0.011 0.011 1.464
0.014 0.014 1.379
0.009 0.009 1.499
0.009 0.009 1.445
0.009 0.009 1.526
0.009 0.009 1.587
0.007 0.007 1.411
0.008 0.008 1.47
0.016 0.016 1.572
0.039 0.039 1.365
0.008 0.008 1.561
0.008 0.008 1.414
0.013 0.013 1.635
0.014 0.014 1.36
0.012 0.012 1.436
0.01 0.01 1.532
0.056 0.056 1.623
0.01 0.01 1.489
0.01 0.01 1.496
0.01 0.01 1.322
0.039 0.039 1.39
0.013 0.013 1.597
0.051 0.051 1.492
0.012 0.012 1.428
0.017 0.017 1.429
0.01 0.01 1.336
0.011 0.011 1.673
0.009 0.009 1.329
0.013 0.013 1.414
0.009 0.009 1.604
0.017 0.017 1.39
0.009 0.009 1.421
0.008 0.008 1.657
0.01 0.01 1.387
0.009 0.009 1.59
0.014 0.014 1.452
0.016 0.016 1.433
0.008 0.008 1.459
0.011 0.011 1.518
0.01 0.01 1.388
0.012 0.012 1.411
0.01 0.01 1.399
0.015 0.015 1.418
0.012 0.012 1.523
0.009 0.009 1.459
0.012 0.012 1.561
0.009 0.009 1.492
0.013 0.013 1.497
0.013 0.013 1.571
0.009 0.009 1.328
0.008 0.008 1.636
0.009 0.009 1.457
0.007 0.007 1.646
0.012 0.012 1.57
0.029 0.029 1.435
0.01 0.01 1.362
0.009 0.009 1.446
0.008 0.008 1.459
0.016 0.016 1.608
0.012 0.012 1.392
0.015 0.015 1.529
0.045 0.045 1.679
0.014 0.014 1.516
0.02 0.02 1.425
0.024 0.024 1.514
0.009 0.009 1.478
0.011 0.011 1.475
0.012 0.012 1.426
0.015 0.015 1.431
0.009 0.009 1.53
0.009 0.009 1.428
0.011 0.011 1.469
0.012 0.012 1.592
0.006 0.006 1.343
0.013 0.013 1.462
0.011 0.011 1.615
0.01 0.01 1.39
0.013 0.013 1.471
0.012 0.012 1.538
0.012 0.012 1.414
0.015 0.015 1.481
0.011 0.011 1.516
0.009 0.009 1.405
0.009 0.009 1.517
0.013 0.013 1.601
0.011 0.011 1.42
0.014 0.014 1.493
0.01 0.01 1.481
0.005 0.005 1.677
0.009 0.009 1.649
0.01 0.01 1.428
0.01 0.01 1.503
0.012 0.012 1.512
0.012 0.012 1.42
0.01 0.01 1.382
0.013 0.013 1.472
0.009 0.009 1.468
0.014 0.014 1.615
0.003 0.003 1.396
0.015 0.015 1.438
0.011 0.011 1.481
0.007 0.007 1.476
0.016 0.016 1.371
0.01 0.01 1.619
0.008 0.008 1.343
0.003 0.003 1.451
0.016 0.016 1.565
0.007 0.007 1.434
0.008 0.008 1.451
0.011 0.011 1.399
0.01 0.01 1.381
0.012 0.012 1.512
0.014 0.014 1.384
0.009 0.009 1.566
0.056 0.056 1.364
0.013 0.013 1.489
0.011 0.011 1.533
0.043 0.043 1.418
0.014 0.014 1.442
0.018 0.018 1.623
0.013 0.013 1.426
0.008 0.008 1.463
0.011 0.011 1.369
0.012 0.012 1.47
0.014 0.014 1.452
0.013 0.013 1.38
0.01 0.01 1.503
0.011 0.011 1.429
0.014 0.014 1.403
0.01 0.01 1.611
0.019 0.019 1.471
0.008 0.008 1.293
0.008 0.008 1.484
0.066 0.066 1.521
0.008 0.008 1.498
0.074 0.074 1.441
0.012 0.012 1.481
0.01 0.01 1.681
0.017 0.017 1.354
0.01 0.01 1.49
0.014 0.014 1.568
0.011 0.011 1.409
0.013 0.013 1.502
0.011 0.011 1.576
0.01 0.01 1.458
0.063 0.063 1.553
0.008 0.008 1.316
0.012 0.012 1.462
0.009 0.009 1.646
0.011 0.011 1.529
0.009 0.009 1.37
0.012 0.012 1.501
0.028 0.028 1.556
0.02 0.02 1.396
0.008 0.008 1.646
0.008 0.008 1.318
0.011 0.011 1.602
0.028 0.028 1.551
0.009 0.009 1.662
0.015 0.015 1.707
0.012 0.012 1.452
0.011 0.011 1.455
0.01 0.01 1.504
0.014 0.014 1.476
0.018 0.018 1.352
0.012 0.012 1.6
0.008 0.008 1.415
0.012 0.012 1.569
0.012 0.012 1.314
0.015 0.015 1.399
0.016 0.016 1.82
0.012 0.012 1.403
0.007 0.007 1.397
0.009 0.009 1.637
0.01 0.01 1.333
0.009 0.009 1.411
0.013 0.013 1.557
0.012 0.012 1.496
0.009 0.009 1.458
0.008 0.008 1.627
0.011 0.011 1.388
0.003 0.003 1.584
0.011 0.011 1.536
0.014 0.014 1.458
0.037 0.037 1.501
0.014 0.014 1.484
0.009 0.009 1.493
0.091 0.091 1.596
0.009 0.009 1.42
0.003 0.003 1.413
0.01 0.01 1.482
0.013 0.013 1.467
0.01 0.01 1.584
0.011 0.011 1.349
0.007 0.007 1.548
0.007 0.007 1.394
0.011 0.011 1.376
0.01 0.01 1.46
0.008 0.008 1.329
0.01 0.01 1.599
0.013 0.013 1.438
0.012 0.012 1.497
0.009 0.009 1.678
0.009 0.009 1.422
0.011 0.011 1.41
0.011 0.011 1.519
0.011 0.011 1.478
0.018 0.018 1.375
0.011 0.011 1.453
0.009 0.009 1.515
0.012 0.012 1.729
0.01 0.01 1.335
0.015 0.015 1.427
0.015 0.015 1.623
0.003 0.003 1.488
0.013 0.013 1.462
0.008 0.008 1.663
0.008 0.008 1.371
0.011 0.011 1.435
0.017 0.017 1.708
0.01 0.01 1.449
0.009 0.009 1.362
0.01 0.01 1.522
0.01 0.01 1.432
0.016 0.016 1.622
0.016 0.016 1.385
0.009 0.009 1.46
0.003 0.003 1.549
0.01 0.01 1.441
0.005 0.005 1.369
0.008 0.008 1.513
0.039 0.039 1.31
0.009 0.009 1.368
0.011 0.011 1.501
0.009 0.009 1.441
0.013 0.013 1.348
0.018 0.018 1.943
0.009 0.009 1.321
0.012 0.012 1.4
0.011 0.011 1.439
0.003 0.003 1.314
0.006 0.006 1.514
0.059 0.059 1.391
0.009 0.009 1.607
0.008 0.008 1.593
0.013 0.013 1.413
0.039 0.039 1.485
0.008 0.008 1.54
0.008 0.008 1.436
0.014 0.014 1.534
0.017 0.017 1.44
0.012 0.012 1.47
0.01 0.01 1.424
0.007 0.007 1.451
0.06 0.06 1.551
0.01 0.01 1.349
0.008 0.008 1.514
0.048 0.048 1.63
0.011 0.011 1.371
0.01 0.01 1.373
0.054 0.054 1.568
0.007 0.007 1.344
0.01 0.01 1.569
0.007 0.007 1.463
0.002 0.002 1.531
0.007 0.007 1.653
0.009 0.009 1.298
0.013 0.013 1.477
0.012 0.012 1.503
0.01 0.01 1.373
0.011 0.011 1.465
0.01 0.01 1.414
0.012 0.012 1.483
0.017 0.017 1.53
0.011 0.011 1.317
0.012 0.012 1.463
0.009 0.009 1.357
0.01 0.01 1.55
0.009 0.009 1.443
0.016 0.016 1.458
0.012 0.012 1.592
0.011 0.011 1.375
0.011 0.011 1.539
0.009 0.009 1.501
0.014 0.014 1.422
0.021 0.021 1.398
0.012 0.012 1.559
0.012 0.012 1.286
0.011 0.011 1.49
0.01 0.01 1.324
0.016 0.016 1.501
0.008 0.008 1.598
0.012 0.012 1.411
0.01 0.01 1.454
0.005 0.005 1.52
0.011 0.011 1.306
0.009 0.009 1.467
0.017 0.017 1.433
0.011 0.011 1.291
0.008 0.008 1.47
0.012 0.012 1.368
0.014 0.014 1.478
0.008 0.008 1.361
0.016 0.016 1.37
0.012 0.012 1.624
0.009 0.009 1.313
0.006 0.006 1.436
0.01 0.01 1.569
0.012 0.012 1.455
0.016 0.016 1.373
0.007 0.007 1.573
0.011 0.011 1.379
0.009 0.009 1.565
0.012 0.012 1.451
0.01 0.01 1.403
0.175 0.175 1.637
0.015 0.015 1.474
0.009 0.009 1.462
0.008 0.008 1.446
0.011 0.011 1.457
0.012 0.012 1.327
0.009 0.009 1.521
0.008 0.008 1.425
0.015 0.015 1.537
0.009 0.009 1.386
0.01 0.01 1.412
0.011 0.011 1.582
0.011 0.011 1.395
0.012 0.012 1.555
0.015 0.015 1.443
0.01 0.01 1.319
0.018 0.018 1.507
0.007 0.007 1.315
0.014 0.014 1.609
0.011 0.011 1.407
0.012 0.012 1.502
0.008 0.008 1.547
0.012 0.012 1.532
0.011 0.011 1.326
0.02 0.02 1.43
0.018 0.018 1.386
0.01 0.01 1.536
0.008 0.008 1.421
0.006 0.006 1.322
0.008 0.008 1.638
0.012 0.012 1.46
0.013 0.013 1.428
0.013 0.013 1.606
0.007 0.007 1.274
0.009 0.009 1.482
0.006 0.006 1.467
0.01 0.01 1.512
0.009 0.009 1.512
0.016 0.016 1.438
0.006 0.006 1.583
0.009 0.009 1.457
0.008 0.008 1.445
0.01 0.01 1.511
0.015 0.015 1.433
0.014 0.014 1.367
0.011 0.011 1.508
0.009 0.009 1.453
0.003 0.003 1.496
0.009 0.009 1.309
0.01 0.01 1.359
0.03 0.03 1.543
0.011 0.011 1.365
0.013 0.013 1.385
0.01 0.01 1.551
0.007 0.007 1.321
0.045 0.045 1.514
0.009 0.009 1.402
0.007 0.007 1.47
0.012 0.012 1.554
0.01 0.01 1.442
0.013 0.013 1.445
0.02 0.02 1.536
0.01 0.01 1.452
0.014 0.014 1.533
0.013 0.013 1.577
0.014 0.014 1.372
0.012 0.012 1.541
0.016 0.016 1.579
0.011 0.011 1.437
0.009 0.009 1.389
0.013 0.013 1.467
0.009 0.009 1.316
0.011 0.011 1.468
0.014 0.014 1.424
0.01 0.01 1.417
0.011 0.011 1.503
0.011 0.011 1.465
0.011 0.011 1.434
0.012 0.012 1.535
0.013 0.013 1.485
0.007 0.007 1.577
0.007 0.007 1.331
0.009 0.009 1.428
0.012 0.012 1.633
0.059 0.059 1.473
0.012 0.012 1.432
0.007 0.007 1.393
0.011 0.011 1.362
0.003 0.003 1.403
0.011 0.011 1.454
0.017 0.017 1.38
0.044 0.044 1.544
0.01 0.01 1.427
0.003 0.003 1.693
0.02 0.02 1.358
0.01 0.01 1.391
0.009 0.009 1.6
0.005 0.005 1.49
0.016 0.016 1.331
0.009 0.009 1.43
0.014 0.014 1.384
0.007 0.007 1.467
0.01 0.01 1.434
0.08 0.08 1.329
0.008 0.008 1.43
0.009 0.009 1.4
0.011 0.011 1.619
0.012 0.012 1.5
0.014 0.014 1.518
0.009 0.009 1.478
0.012 0.012 1.567
0.014 0.014 1.376
0.009 0.009 1.572
0.011 0.011 1.363
0.02 0.02 1.447
0.009 0.009 1.425
0.048 0.048 1.486
0.018 0.018 1.614
0.008 0.008 1.47
0.008 0.008 1.64
0.016 0.016 1.431
0.011 0.011 1.422
0.011 0.011 1.509
0.014 0.014 1.445
0.007 0.007 1.626
0.008 0.008 1.516
0.01 0.01 1.387
0.011 0.011 1.659
0.014 0.014 1.415
0.013 0.013 1.41
0.009 0.009 1.514
0.017 0.017 1.33
0.006 0.006 1.343
0.014 0.014 1.512
0.035 0.035 1.376
0.009 0.009 1.389
0.011 0.011 1.664
0.03 0.03 1.408
0.014 0.014 1.386
0.013 0.013 1.527
0.009 0.009 1.338
0.029 0.029 1.455
0.011 0.011 1.45
0.01 0.01 1.521
0.009 0.009 1.339
0.008 0.008 1.479
0.01 0.01 1.412
0.009 0.009 1.424
0.014 0.014 1.353
0.011 0.011 1.615
0.017 0.017 1.303
0.007 0.007 1.581
0.008 0.008 1.313
0.009 0.009 1.467
0.024 0.024 1.458
0.012 0.012 1.422
0.015 0.015 1.3
0.008 0.008 1.43
0.011 0.011 1.426
0.011 0.011 1.571
0.011 0.011 1.399
0.01 0.01 1.478
0.011 0.011 1.597
0.01 0.01 1.397
0.009 0.009 1.36
0.01 0.01 1.66
0.009 0.009 1.346
0.008 0.008 1.43
0.014 0.014 1.547
0.015 0.015 1.384
0.008 0.008 1.48
0.013 0.013 1.571
0.009 0.009 1.448
0.01 0.01 1.437
0.007 0.007 1.538
0.016 0.016 1.309
0.008 0.008 1.456
0.01 0.01 1.516
0.011 0.011 1.49
0.055 0.055 1.486
0.011 0.011 1.541
0.007 0.007 1.3
0.014 0.014 1.486
0.014 0.014 1.424
0.014 0.014 1.329
0.013 0.013 1.52
0.008 0.008 1.366
0.008 0.008 1.491
0.011 0.011 1.335
0.006 0.006 1.593
0.008 0.008 1.414
0.018 0.018 1.501
0.007 0.007 1.537
0.008 0.008 1.455
0.009 0.009 1.393
0.01 0.01 1.43
0.007 0.007 1.418
0.012 0.012 1.503
0.017 0.017 1.346
0.003 0.003 1.342
0.002 0.002 1.591
0.01 0.01 1.541
0.019 0.019 1.345
0.039 0.039 1.503
0.012 0.012 1.38
0.009 0.009 1.564
0.009 0.009 1.342
0.008 0.008 1.356
0.012 0.012 1.545
0.012 0.012 1.31
0.008 0.008 1.519
0.011 0.011 1.474
0.009 0.009 1.336
0.01 0.01 1.463
0.01 0.01 1.52
0.004 0.004 1.365
0.014 0.014 1.447
0.01 0.01 1.384
0.009 0.009 1.495
0.007 0.007 1.576
0.01 0.01 1.443
0.011 0.011 1.282
0.018 0.018 1.537
0.013 0.013 1.284
0.011 0.011 1.552
0.01 0.01 1.375
0.007 0.007 1.411
0.01 0.01 1.553
0.016 0.016 1.415
0.006 0.006 1.471
0.011 0.011 1.557
0.01 0.01 1.41
0.013 0.013 1.585
0.013 0.013 1.293
0.01 0.01 1.453
0.011 0.011 1.556
0.008 0.008 1.314
0.007 0.007 1.544
0.012 0.012 1.44
0.012 0.012 1.376
0.018 0.018 1.333
0.01 0.01 1.485
0.01 0.01 1.38
0.042 0.042 1.538
0.013 0.013 1.325
0.011 0.011 1.462
0.01 0.01 1.427
0.013 0.013 1.635
0.011 0.011 1.346
0.018 0.018 1.537
0.011 0.011 1.314
0.005 0.005 1.395
0.006 0.006 1.58
0.008 0.008 1.359
0.01 0.01 1.39
0.009 0.009 1.492
0.015 0.015 1.39
0.009 0.009 1.51
0.01 0.01 1.47
0.007 0.007 1.289
0.013 0.013 1.57
0.009 0.009 1.409
0.04 0.04 1.462
0.011 0.011 1.55
0.013 0.013 1.432
0.058 0.058 1.506
0.009 0.009 1.555
0.059 0.059 1.477
0.009 0.009 1.441
0.008 0.008 1.403
0.014 0.014 1.385
0.011 0.011 1.6
0.014 0.014 1.369
0.006 0.006 1.448
0.008 0.008 1.447
0.006 0.006 1.407
0.012 0.012 1.393
0.015 0.015 1.456
0.009 0.009 1.447
0.017 0.017 1.456
0.013 0.013 1.359
0.008 0.008 1.448
0.01 0.01 1.465
0.011 0.011 1.372
0.074 0.074 1.483
0.04 0.04 1.304
0.004 0.004 1.758
0.01 0.01 1.497
0.009 0.009 1.378
0.012 0.012 1.454
0.008 0.008 1.486
0.009 0.009 1.409
0.015 0.015 1.58
0.01 0.01 1.346
0.007 0.007 1.444
0.007 0.007 1.442
0.013 0.013 1.409
0.015 0.015 1.58
0.017 0.017 1.299
0.008 0.008 1.399
0.009 0.009 1.632
0.011 0.011 1.317
0.01 0.01 1.44
0.01 0.01 1.586
0.012 0.012 1.355
0.015 0.015 1.454
0.012 0.012 1.491
0.006 0.006 1.338
0.01 0.01 1.368
0.003 0.003 1.553
0.009 0.009 1.355
0.012 0.012 1.472
0.014 0.014 1.386
0.009 0.009 1.315
0.002 0.002 1.476
0.003 0.003 1.316
0.008 0.008 1.436
0.012 0.012 1.459
0.016 0.016 1.401
0.016 0.016 1.436
0.008 0.008 1.463
0.012 0.012 1.491
0.014 0.014 1.43
0.01 0.01 1.394
0.018 0.018 1.421
0.011 0.011 1.446
0.006 0.006 1.454
0.012 0.012 1.424
0.068 0.068 1.351
0.01 0.01 1.483
0.009 0.009 1.43
0.011 0.011 1.429
0.012 0.012 1.426
0.012 0.012 1.341
0.013 0.013 1.511
0.008 0.008 1.495
0.01 0.01 1.422
0.014 0.014 1.558
0.009 0.009 1.407
0.013 0.013 1.476
0.011 0.011 1.429
0.05 0.05 1.323
0.012 0.012 1.443
0.013 0.013 1.348
0.01 0.01 1.36
0.01 0.01 1.44
0.005 0.005 1.375
0.012 0.012 1.487
0.009 0.009 1.419
0.01 0.01 1.546
0.018 0.018 1.322
0.012 0.012 1.498
0.01 0.01 1.443
0.011 0.011 1.574
0.015 0.015 1.416
0.019 0.019 1.455
0.009 0.009 1.267
0.008 0.008 1.525
0.004 0.004 1.437
0.008 0.008 1.327
0.012 0.012 1.465
0.019 0.019 1.357
0.011 0.011 1.473
0.005 0.005 1.515
0.01 0.01 1.286
0.009 0.009 1.514
0.011 0.011 1.425
0.008 0.008 1.349
0.013 0.013 1.759
0.012 0.012 1.308
0.01 0.01 1.432
0.005 0.005 1.661
0.006 0.006 1.399
0.009 0.009 1.452
0.064 0.064 1.615
0.012 0.012 1.304
0.011 0.011 1.451
0.008 0.008 1.549
0.007 0.007 1.424
0.016 0.016 1.468
0.009 0.009 1.417
0.01 0.01 1.462
0.003 0.003 1.511
0.01 0.01 1.486
0.016 0.016 1.426
0.01 0.01 1.504
0.014 0.014 1.386
0.044 0.044 1.348
0.018 0.018 1.424
0.009 0.009 1.288
0.007 0.007 1.519
0.008 0.008 1.322
0.009 0.009 1.716
0.013 0.013 1.433
0.015 0.015 1.454
0.013 0.013 1.471
0.01 0.01 1.503
0.006 0.006 1.27
0.01 0.01 1.471
0.01 0.01 1.433
0.017 0.017 1.639
0.009 0.009 1.284
0.007 0.007 1.377
0.008 0.008 1.662
0.01 0.01 1.421
0.01 0.01 1.41
0.011 0.011 1.541
0.015 0.015 1.502
0.006 0.006 1.298
0.012 0.012 1.511
0.01 0.01 1.32
0.008 0.008 1.387
0.011 0.011 1.527
0.025 0.025 1.376
0.012 0.012 1.437
0.009 0.009 1.373
0.012 0.012 1.369
0.011 0.011 1.439
0.018 0.018 1.374
0.01 0.01 1.46
0.011 0.011 1.366
0.008 0.008 1.56
0.011 0.011 1.513
0.015 0.015 1.277
0.015 0.015 1.481
0.011 0.011 1.367
0.007 0.007 1.574
0.005 0.005 1.424
0.011 0.011 1.468
0.013 0.013 1.481
0.01 0.01 1.406
0.03 0.03 1.392
0.012 0.012 1.434
0.012 0.012 1.297
0.012 0.012 1.405
0.013 0.013 1.403
0.013 0.013 1.277
0.01 0.01 1.536
0.011 0.011 1.368
0.007 0.007 1.427
0.013 0.013 1.41
0.01 0.01 1.336
0.013 0.013 1.488
0.009 0.009 1.491
0.008 0.008 1.516
0.01 0.01 1.445
0.012 0.012 1.327
0.011 0.011 1.501
0.003 0.003 1.416
0.014 0.014 1.449
0.012 0.012 1.524
0.01 0.01 1.285
0.006 0.006 1.436
0.011 0.011 1.296
0.012 0.012 1.359
0.016 0.016 1.649
0.011 0.011 1.312
0.008 0.008 1.543
0.011 0.011 1.625
0.007 0.007 1.267
0.055 0.055 1.495
0.01 0.01 1.59
0.013 0.013 1.458
0.013 0.013 1.481
0.01 0.01 1.497
0.014 0.014 1.484
0.011 0.011 1.394
0.009 0.009 1.49
0.007 0.007 1.268
0.012 0.012 1.39
0.013 0.013 1.39
0.015 0.015 1.387
0.006 0.006 1.486
0.009 0.009 1.367
0.012 0.012 1.42
0.008 0.008 1.541
0.016 0.016 1.307
0.023 0.023 1.658
0.01 0.01 1.329
0.011 0.011 1.483
0.033 0.033 1.517
0.014 0.014 1.42
0.008 0.008 1.519
0.009 0.009 1.441
0.011 0.011 1.455
0.011 0.011 1.57
0.01 0.01 1.493
0.016 0.016 1.304
0.009 0.009 1.512
0.012 0.012 1.436
0.022 0.022 1.394
0.014 0.014 1.42
0.015 0.015 1.408
0.011 0.011 1.397
0.012 0.012 1.549
0.037 0.037 1.331
0.018 0.018 1.378
0.01 0.01 1.483
0.08 0.08 1.428
0.032 0.032 1.332
0.015 0.015 1.482
0.014 0.014 1.298
0.033 0.033 1.447
0.012 0.012 1.374
0.01 0.01 1.457
0.009 0.009 1.508
0.013 0.013 1.513
0.013 0.013 1.309
0.009 0.009 1.521
0.007 0.007 1.312
0.012 0.012 1.473
0.013 0.013 1.465
0.012 0.012 1.308
0.015 0.015 1.496
0.009 0.009 1.437
0.014 0.014 1.41
0.046 0.046 1.619
0.017 0.017 1.469
0.027 0.027 1.438
0.009 0.009 1.62
0.011 0.011 1.297
0.011 0.011 1.386
0.015 0.015 1.535
0.006 0.006 1.313
0.01 0.01 1.435
0.008 0.008 1.535
0.016 0.016 1.368
0.022 0.022 1.483
0.009 0.009 1.588
0.009 0.009 1.362
0.011 0.011 1.371
0.01 0.01 1.509
0.016 0.016 1.394
0.024 0.024 1.555
0.004 0.004 1.401
0.009 0.009 1.375
0.006 0.006 1.549
0.008 0.008 1.384
0.011 0.011 1.408
0.016 0.016 1.406
0.009 0.009 1.492
0.012 0.012 1.394
0.018 0.018 1.413
0.007 0.007 1.493
0.009 0.009 1.397
0.015 0.015 1.464
0.009 0.009 1.43
0.01 0.01 1.383
0.007 0.007 1.56
0.008 0.008 1.446
0.009 0.009 1.34
0.016 0.016 1.498
0.014 0.014 1.328
0.015 0.015 1.443
